This program has not been tested with this version of Python (3.11.4)
Should you encounter problems, please use Python version 3.11.1
Comment: 3
XREF: 0
Trailer: 0
StartXref: 1
Indirect object: 131
Indirect objects with a stream: 910, 911, 912, 913, 914, 915, 916, 917, 918, 6, 7, 9, 38, 41, 49, 53, 63, 68, 73, 77, 80, 83, 86, 89, 92, 95, 96, 99, 101, 103, 106, 110, 113, 117, 119, 122, 125, 126, 130, 132, 137, 139, 142, 143, 145, 146, 147, 148, 149, 150, 151, 152, 153, 154, 155, 156, 157, 158, 159, 160, 846, 848, 850, 851, 853, 855, 902, 903, 905, 919
  89: 6, 7, 9, 38, 41, 49, 53, 63, 68, 73, 77, 80, 83, 86, 89, 92, 95, 96, 97, 99, 101, 103, 105, 106, 110, 113, 117, 119, 122, 125, 126, 130, 132, 137, 139, 142, 143, 145, 146, 147, 148, 149, 150, 151, 152, 153, 154, 155, 156, 157, 158, 159, 160, 161, 162, 163, 164, 165, 166, 167, 168, 169, 170, 171, 172, 819, 820, 825, 827, 828, 829, 830, 831, 832, 833, 834, 835, 838, 841, 846, 848, 850, 851, 853, 855, 856, 900, 903, 904
 /Catalog 1: 837
 /Encoding 5: 10, 127, 144, 849, 854
 /ExtGState 4: 842, 907, 908, 909
 /Font 4: 100, 116, 131, 136
 /FontDescriptor 14: 8, 98, 104, 111, 112, 118, 123, 124, 129, 134, 138, 141, 847, 852
 /Group 1: 906
 /JobTicketContents 1: 826
 /Metadata 1: 902
 /ObjStm 9: 910, 911, 912, 913, 914, 915, 916, 917, 918
 /XObject 1: 905
 /XRef 1: 919
Unreferenced indirect objects: 6 0 R, 8 0 R, 9 0 R, 10 0 R, 38 0 R, 41 0 R, 49 0 R, 53 0 R, 63 0 R, 68 0 R, 73 0 R, 77 0 R, 80 0 R, 83 0 R, 86 0 R, 89 0 R, 92 0 R, 95 0 R, 98 0 R, 100 0 R, 101 0 R, 105 0 R, 111 0 R, 112 0 R, 116 0 R, 117 0 R, 123 0 R, 124 0 R, 126 0 R, 127 0 R, 131 0 R, 134 0 R, 136 0 R, 137 0 R, 141 0 R, 143 0 R, 144 0 R, 145 0 R, 146 0 R, 147 0 R, 148 0 R, 149 0 R, 150 0 R, 151 0 R, 152 0 R, 153 0 R, 154 0 R, 155 0 R, 156 0 R, 157 0 R, 158 0 R, 159 0 R, 160 0 R, 842 0 R, 847 0 R, 848 0 R, 849 0 R, 852 0 R, 853 0 R, 854 0 R, 856 0 R, 903 0 R, 904 0 R, 905 0 R, 908 0 R, 909 0 R, 910 0 R, 911 0 R, 912 0 R, 913 0 R, 914 0 R, 915 0 R, 916 0 R, 917 0 R, 918 0 R, 919 0 R
Unreferenced indirect objects without /ObjStm objects: 6 0 R, 8 0 R, 9 0 R, 10 0 R, 38 0 R, 41 0 R, 49 0 R, 53 0 R, 63 0 R, 68 0 R, 73 0 R, 77 0 R, 80 0 R, 83 0 R, 86 0 R, 89 0 R, 92 0 R, 95 0 R, 98 0 R, 100 0 R, 101 0 R, 105 0 R, 111 0 R, 112 0 R, 116 0 R, 117 0 R, 123 0 R, 124 0 R, 126 0 R, 127 0 R, 131 0 R, 134 0 R, 136 0 R, 137 0 R, 141 0 R, 143 0 R, 144 0 R, 145 0 R, 146 0 R, 147 0 R, 148 0 R, 149 0 R, 150 0 R, 151 0 R, 152 0 R, 153 0 R, 154 0 R, 155 0 R, 156 0 R, 157 0 R, 158 0 R, 159 0 R, 160 0 R, 842 0 R, 847 0 R, 848 0 R, 849 0 R, 852 0 R, 853 0 R, 854 0 R, 856 0 R, 903 0 R, 904 0 R, 905 0 R, 908 0 R, 909 0 R, 919 0 R
Search keywords:
 /OpenAction 1: 837
